5
24248 21043 24805 22750 81271
43268 61167 98572 21473 35962
5270 64215 4224 80082 79742
13289 62033 99950 9019 48729
86510 86104 49975 61645 94096

5
47 11 29 23 3
30 43 63 66 70
80 79 59 58 36
72 61 23 62 79
99 60 4 100 42

6
3860 8788 3958 7291 9056 5944
5231 8201 4523 7524 5478 2980
9301 7228 5850 4486 2460 8285
2351 9962 6384 331 9377 7629
3939 5329 3187 2353 311 7975
4704 2845 740 7839 3848 840

5
273911 85384 922309 559933 117348
481852 432418 711072 881003 588897
391789 508880 739535 651029 872931
757567 463666 666379 698687 189476
499683 745906 591003 701609 641431

5
5608 6447 3350 6680 4609
299 8293 7237 8139 7962
6828 3365 623 2663 582
167 9988 4045 3341 2679
8615 2173 8210 3383 4611

6
6516 9354 7737 9479 2502 7116
1317 9689 8698 771 2175 3732
3591 7111 400 4544 6474 676
9266 7560 2293 197 294 5191
6538 2520 2341 8826 128 7905
2937 1817 5772 8444 3166 6765

5
65 66 54 65 44
57 85 99 21 65
45 53 92 100 51
99 29 15 56 22
19 18 65 39 73
